time,x,y,z,phi,theta,psi,x_velocity,y_velocity,z_velocity,phi_velocity,theta_velocity,psi_velocity,rotor_speed1,rotor_speed2,rotor_speed3,rotor_speed4
0.06,-4.133188130522423e-07,-5.633890355634546e-09,10.003363342492166,6.282805746824472,6.282652317021814,0.0,8.106114661475728e-08,-1.505655665828235e-05,0.11210623507001313,-0.023632472602150147,-0.039946418612097336,0.0,441.57669900910923,438.2696304691517,442.49461529051956,440.5452945488834
0.12000000000000001,2.1100198875515907e-05,-1.4526486723442232e-05,10.01435246355604,6.281767392575867,6.280062031821847,0.0,0.0009859092609397898,-0.0005993923474425049,0.2541756510284606,-0.006967786963176819,-0.050557657112866215,0.0,449.78485236738874,448.9237645743963,450.12009354552544,451.4665059338444
0.18,0.0001522793530790575,-7.967770094541968e-05,10.031469653350014,6.280958757735132,6.2768837944607725,0.0,0.003685635630212845,-0.0016265811610696082,0.3163803223163865,-0.03151804888751671,-0.05829322936835609,0.0,424.6139581768226,423.9479242042088,426.4097161085169,424.3076820195302
0.23999999999999996,0.0005282791906626095,-0.00023474111156538845,10.055167626137237,6.279241472414871,6.273857307183672,0.0,0.009203931918116056,-0.0037407522838467083,0.4734963030213091,-0.023380838418908423,-0.038130591611627476,0.0,454.4119405065173,456.02342607347276,454.0488662699336,454.7008883658157
0.3,0.0012341799494175354,-0.0005255239718042759,10.081689259963932,6.277518785751784,6.271738416540547,0.0,0.014497527315062682,-0.0060714821822024576,0.41058136967406256,-0.042377690477893824,-0.030207684392375138,0.0,381.86580417331095,382.61993850713657,382.6127722165893,380.79968673016964
0.36000000000000004,0.0023950397978834315,-0.0010414563466019102,10.113356854245984,6.2747895078907625,6.269612194285859,0.0,0.024433120788524554,-0.011445876366177953,0.6448970035871279,-0.052572521885350325,-0.048761693076936195,0.0,478.0883603172265,476.672282521425,478.71490277929513,477.93756855984657
0.4200000000000001,0.0041299930061813135,-0.0018992044643210435,10.153441685601434,6.2717210889173,6.266539869349316,0.0,0.033679839915582696,-0.01743797352262332,0.6912298063048153,-0.04842057828117383,-0.05660336029334749,0.0,420.20530148167074,419.52319929081455,419.95799653266783,420.31608324714415
0.48000000000000015,0.006567916620999359,-0.0032351598131912713,10.201400462389342,6.268918541374891,6.262785885345819,0.0,0.04800302347465375,-0.027431917216912873,0.9072373971737674,-0.04348987348694386,-0.07847026049121406,0.0,473.90127699978285,472.21495477493886,472.45265268903654,472.8314462598745
0.5400000000000001,0.009957094505740434,-0.005234326162548316,10.262137640106669,6.265835717813953,6.2586091654924125,0.0,0.06548611591818711,-0.03953037234399209,1.1171366092803767,-0.07591416812882416,-0.05608085975043304,0.0,471.55511218405275,473.27769977995655,471.66054136596364,469.148150554139
0.6000000000000002,0.014472657511216024,-0.008030186241418798,10.334809840122348,6.261219043741239,6.255883122617913,0.0,0.08537124441042969,-0.05418857363680174,1.3050545274153462,-0.07908806434693101,-0.02987084232483221,0.0,464.0272615497985,466.07871587843573,465.7255202970832,465.47283278179725
0.6600000000000003,0.020144256809985606,-0.011735745323000158,10.415330621973352,6.256219915820996,6.25419377195348,0.0,0.10384999664472264,-0.0698043922467753,1.378867779384395,-0.09350632815864321,-0.02492982654095454,0.0,431.007130232877,431.4242369231659,430.14165174694875,428.9129662374151
0.7200000000000003,0.026947957810412062,-0.016471964657235667,10.499961766602812,6.250394423274674,6.252478228231023,0.0,0.12309118023042619,-0.08861826932971674,1.4420702493086275,-0.1054431684089057,-0.03716330681872814,0.0,427.7485764368181,426.70531154759993,427.61872074976196,426.5921767473605
0.7800000000000004,0.03494237016895902,-0.022453423269170623,10.588385700584245,6.243584957481833,6.250206375866124,0.0,0.14360353525096994,-0.11138592723393592,1.5052815955297505,-0.13888591150087995,-0.039303833489560826,0.0,428.67143781490705,428.4887754935575,427.65338128590145,424.78253459071215
0.8400000000000004,0.04429324496459079,-0.030041115647555065,10.68301379810462,6.23520174958934,6.247800558799426,0.0,0.16834341001227246,-0.142434943566832,1.648740916719777,-0.14144101283112315,-0.04173188797298518,0.0,453.02708928781146,452.8310363403355,453.26992345655844,453.04682478775476
0.9000000000000005,0.05508741945658431,-0.039545822663684074,10.783608302265208,6.226879372077104,6.244979405698247,0.0,0.19171009123834973,-0.17518570497328062,1.704272870036622,-0.13373731115207896,-0.06053637896898543,0.0,426.77016471286487,425.1606580034622,425.1411928236238,425.78187161257796
0.9600000000000005,0.06741717266047302,-0.05128640990644959,10.889451144148428,6.218768492808625,6.24121503877584,0.0,0.21966139010198035,-0.21700160566828122,1.8235659540819344,-0.1382345455611308,-0.06755376282923382,0.0,446.3461892667796,445.7703130949954,446.95724750974455,446.5738110739861
1.0200000000000005,0.08134016944802926,-0.06545426428756515,10.998576862757814,6.210228472988614,6.237064778750671,0.0,0.2447901913421532,-0.25598119650113815,1.8139013394851542,-0.15212990719094374,-0.07261734920235535,0.0,404.51620090574534,404.05582813409234,405.76749678252,404.49696618608505
1.0800000000000005,0.09705834212300224,-0.0824526797426266,11.111666211607924,6.200851202092824,6.232818033949659,0.0,0.27960230819803056,-0.31161263950661205,1.9553999363140617,-0.166253810613377,-0.0673368029943286,0.0,455.2341258538201,455.6527234326502,453.1936286558397,452.03417281253337
1.1400000000000006,0.1151439306380573,-0.10330441709200928,11.236861721869966,6.191003873244895,6.228622328079066,0.0,0.3237434352803409,-0.38465074632231055,2.2171574608694957,-0.16017253993027328,-0.07569026001731909,0.0,489.36737161726654,488.74194771863927,491.4877508918482,491.91535572905684
1.2000000000000006,0.13561906773389593,-0.1281644863764223,11.371120543750918,6.181678751614562,6.223862853377508,0.0,0.3591880750953174,-0.44489029036550076,2.257926796873429,-0.14730248699815107,-0.0878128328886103,0.0,425.08926654908254,424.04376919796084,422.9361306944816,424.0188319345918
1.2600000000000007,0.1584556444569561,-0.15705543578466297,11.510148262136012,6.172638640259333,6.218267333879615,0.0,0.4025810678703614,-0.5190479269742139,2.375929819996425,-0.15842158495638745,-0.10730766219642712,0.0,450.862384794994,449.2771566962092,448.99720143338067,448.0729721133793
1.3200000000000007,0.18415352803342183,-0.1908174963554696,11.658244624456675,6.162818860172241,6.211927064386963,0.0,0.4547192948393673,-0.607405894620574,2.5600039834805624,-0.17700745673016247,-0.10258655568863298,0.0,470.4787291818563,470.8350082528365,470.8055341235173,469.34106649247946
1.3800000000000008,0.2127715749488524,-0.22951653849633363,11.812495224870556,6.15223468921096,6.205665638971864,0.0,0.4997713807093251,-0.6835095149834187,2.5814321510052394,-0.17522196859203576,-0.1081532682257126,0.0,420.1738117911118,419.6807109303061,420.61711935064073,420.73980939556594
1.4400000000000008,0.24428830055455875,-0.2731091862427597,11.968999904732541,6.141433858033597,6.199339573466386,0.0,0.5513834633382225,-0.7705673777371419,2.6350299962264816,-0.19189816335073306,-0.10049041573632563,0.0,430.8733971878076,431.51061120516505,432.60708745126925,431.16790810549315
1.5000000000000009,0.2790870074364304,-0.3222460906685513,12.129434476859538,6.1299551253186255,6.193623918643901,0.0,0.6091317170593736,-0.868428862940359,2.7123265375280865,-0.19016714361761178,-0.08645147828644495,0.0,440.1038137490831,441.2563492861899,439.36980744029586,439.4771950643658
1.560000000000001,0.3178498085414405,-0.378143951472789,12.298679351650552,6.1188376968486935,6.188242377681572,0.0,0.6835351210859263,-0.9960769115812175,2.9282742176024965,-0.17699639904539205,-0.09711703549238765,0.0,483.78797235952396,482.9781771268092,483.3098643023662,484.2711162032559
1.620000000000001,0.36126422706761346,-0.4420611211520133,12.481390103007636,6.108002598986079,6.1830498328933,0.0,0.7642070380472373,-1.1356773583635225,3.161062928502718,-0.18893847833298816,-0.07106224197570912,0.0,489.4168247399739,491.3464921764756,490.7140001613899,489.79835722776573
1.680000000000001,0.4091771471020868,-0.513817002098144,12.673496977198845,6.096528078921203,6.178758618930306,0.0,0.8332787039976024,-1.2572621779508744,3.241909233026778,-0.19629171572559379,-0.07245180028526857,0.0,446.3283730391534,446.21103421441705,446.49037254854767,445.85448670016234
1.740000000000001,0.46110976558520567,-0.5927270005368998,12.868442183476127,6.084746998686461,6.174599468695639,0.0,0.8981691377842589,-1.3741030317776508,3.2558611410582055,-0.1964706488831871,-0.06369588977297921,0.0,424.83750592176193,425.583723516431,426.0685134988018,426.013719333624
1.8000000000000012,0.5168230163114927,-0.6785250873115276,13.062513155144204,6.072866269484557,6.170668827752472,0.0,0.9592494620920324,-1.4868061813070503,3.212941668214441,-0.20128274104761668,-0.06941051164068379,0.0,406.9918229404222,406.47636957498077,407.4932609323461,407.02051544617177
1.8600000000000012,0.5769816645215241,-0.7726124322346765,13.260118577228711,6.061117096755815,6.167065190728135,0.0,1.0463871159842792,-1.6506324172606688,3.3729146285015608,-0.1866850426822914,-0.04595325682015432,0.0,472.9633711358982,474.7641330988625,473.1690476027973,474.25649814058386
1.9200000000000013,0.6421583479318492,-0.8762531386800468,13.464884137835055,6.050147088384541,6.16478778153099,0.0,1.1263559509245016,-1.805081562409241,3.451893101130895,-0.1760786837478104,-0.025465377903535192,0.0,449.12794481969064,450.78588439917326,450.8122352126625,451.6365810843874
1.9800000000000013,0.7127220133066887,-0.9904573206181511,13.67881365254091,6.039437027395968,6.163603171636961,0.0,1.2257968736086433,-2.002807572260517,3.677786593234343,-0.1838399302949578,-0.010233881611819547,0.0,496.93789680825864,498.0532546744219,496.68111179363405,496.0843748446042
2.0400000000000014,0.7887920824139718,-1.115820114129425,13.902337132197406,6.028534256824042,6.163172233632768,0.0,1.3098382085319142,-2.176962754943715,3.7721452316794473,-0.17777170741680245,-0.0016876247122502145,0.0,459.13698551443446,459.8146872900005,459.77733602235907,460.2271460580109
2.1000000000000014,0.8697863547826826,-1.2516073411172994,14.130486537108746,6.017690007429117,6.162925112180567,0.0,1.3899097568616217,-2.3502393710324703,3.832091769345718,-0.18743787704638792,-0.009488185731183627,0.0,451.4010408819606,450.7711347289312,450.4704760856132,449.6568162226987
2.1600000000000015,0.9550691338160192,-1.3968812889074718,14.358040874502617,6.006964995149989,6.162339706011469,0.0,1.452880174579687,-2.4931225990957193,3.7528624572124407,-0.16543247595652646,-0.010299421235614465,0.0,404.88715349890595,404.8142661075082,403.72803971642605,405.6741120901877
2.2200000000000015,1.0447508445275155,-1.5522909900370812,14.58566308194212,5.996688154949171,6.16152046310771,0.0,1.5364862277779805,-2.6880952819046424,3.8336466162786396,-0.18673995534861168,-0.021387656855377402,0.0,459.1634065034138,458.2829246056017,461.1074569530115,459.39339048058
2.2800000000000016,1.1399513387975964,-1.7207557060493968,14.821879422840622,5.9851666998586275,6.159843559839629,0.0,1.6368685226178161,-2.9284489120364787,4.038639880440498,-0.20550785399953392,-0.046195882640816206,0.0,499.9670254169615,498.15589467485205,500.7235270216827,499.3243636124177
2.3400000000000016,1.2410062362195518,-1.903429103473049,15.068670531985536,5.972424082250228,6.157274272196084,0.0,1.7317793566267836,-3.161775700591361,4.186237641402327,-0.23187831501704256,-0.03680872244574232,0.0,486.0051591122194,486.707452732442,486.0222232797871,484.0002778971884
2.4000000000000017,1.3474911733790007,-2.09963492340034,15.3218426529328,5.95808128861146,6.155726724331927,0.0,1.8177839218729388,-3.3796192446651134,4.251622522325134,-0.2598777332344244,-0.009828700471154911,0.0,462.21729155103577,464.3387597263087,464.26605062115937,462.00789815501616
2.4600000000000017,1.4588084353494537,-2.308339667984036,15.576263823812768,5.942486551022412,6.156081795601498,0.0,1.892713871969203,-3.5784727623176393,4.228246314587152,-0.2599813484081066,0.026446237900547655,0.0,434.4513240632481,437.4827379818526,437.1479795949531,437.0701274384787
2.520000000000002,1.5750697310430808,-2.530492312973734,15.832635051754508,5.926847178173816,6.1572660940765545,0.0,1.982348951315107,-3.8279482523890755,4.31595432386672,-0.26203814232131356,0.0008740232229829878,0.0,476.4290237436937,474.4694692222063,474.6811906187217,474.45963538061795
2.580000000000002,1.6968112475942123,-2.7683097121713844,16.095101038873256,5.911377854927283,6.157757373260409,0.0,2.0754804751577023,-4.100597254290536,4.431114668457297,-0.25051361264403554,0.01982388198505907,0.0,486.16614153172173,487.58404708292306,486.54360567827416,487.3451830449531
2.640000000000002,1.8233675845890047,-3.0206504566104644,16.358792934323645,5.896394695139797,6.158826762521045,0.0,2.1429012451230287,-4.311934278964782,4.357877869012194,-0.2481794922963205,0.013487390582331286,0.0,428.410799801568,427.8715153083279,428.493796187502,428.6271736624616
2.700000000000002,1.954042185349751,-3.2862240720303073,16.618709458184902,5.8816491380625315,6.159780850560281,0.0,2.212752618812056,-4.541671460061392,4.305075099248496,-0.24132052911616841,0.020338276142989536,0.0,436.5959137610875,437.16716387004317,437.6192506149528,438.12844128824526
2.760000000000002,2.08858989734118,-3.56491713711251,16.87317580117387,5.867721925270249,6.160848835956312,0.0,2.2720419653685413,-4.749205778578105,4.176623602794099,-0.218203625214964,0.0121666257898147,0.0,413.3468576339008,412.6258817113641,410.5460252741266,412.53347474250575
2.820000000000002,2.2272391040921518,-3.8581564899921674,17.124056978185,5.854033165901647,6.161613027295136,0.0,2.349381391995035,-5.026428566157974,4.184697141081031,-0.2727690731159478,0.013852607616351128,0.0,462.28896911650094,462.4216978436234,463.5133076755591,459.1502581976028
2.880000000000002,2.3701935870448616,-4.167250997292676,17.372968432742436,5.837427938729034,6.162348740472229,0.0,2.4156014272067097,-5.277941146291288,4.111219290272102,-0.286206594374069,0.008873941478567111,0.0,436.6749136035985,436.25919202162305,438.24875503591016,437.0509602952957
2.940000000000002,2.516742440826177,-4.490447232469987,17.614666224648623,5.820783996210288,6.16351519223487,0.0,2.469255306214372,-5.496505306258593,3.9447406555651643,-0.26394821751611797,0.034920130034263704,0.0,404.2223190164881,406.5633407058279,404.2831263025409,406.19747767378686
3.000000000000002,2.6669417174095083,-4.82872738350973,17.849679956511498,5.804845710192753,6.165672963643445,0.0,2.5370653551715296,-5.780647348907722,3.8876574978346827,-0.2692434879605453,0.037970317960720035,0.0,447.72129342180574,447.9700074120269,447.46312791582477,446.9610114554425
3.0600000000000023,2.820802424938693,-5.182950557945369,18.078420693408248,5.788597842491988,6.1687390153105675,0.0,2.59134688603722,-6.027985322888036,3.736162516271841,-0.27409502020063276,0.06921799232023657,0.0,415.33132548624985,418.06531678714975,415.89036704774327,415.3853982141557
3.1200000000000023,2.9781180070993565,-5.553363992396423,18.299929790162153,5.772228288624149,6.173528778128574,0.0,2.651985737269251,-6.320294892989035,3.646089872442232,-0.27040677526734785,0.09535067617907356,0.0,440.9070139260204,443.066201196969,440.90781537222153,441.1366531364762
3.1800000000000024,3.138631971650361,-5.940082360454828,18.51315212911531,5.756143227557523,6.17926979129653,0.0,2.6980022305034863,-6.5715289604095,3.460517937146729,-0.263812064007729,0.09634063365427677,0.0,408.5977406543474,408.6946834035181,408.30709408716615,408.8157205845399
3.2400000000000024,3.302019369309021,-6.343145965039822,18.716827378213793,5.739976868247739,6.184546314824866,0.0,2.7476756212215077,-6.865061367426696,3.3273756894433584,-0.2840885620182262,0.060390924982580356,0.0,432.3575162218386,429.32343190625795,432.563506110719,430.7756809276985
3.3000000000000025,3.4684698773524154,-6.765034069958541,18.913856291002467,5.722958699448771,6.188938864633185,0.0,2.800162726920638,-7.198966325661429,3.238422927918298,-0.2827484600422917,0.09101791752075651,0.0,450.8981726139496,453.3700693236438,450.41431795135577,450.44233348972193
3.3600000000000025,3.638156226524396,-7.208325026906941,19.10699540952185,5.706321757603071,6.194630967490463,0.0,2.855304592717987,-7.578373465299798,3.1972360057522575,-0.26814946730672173,0.10162622530024888,0.0,472.66739163160497,473.4914180248654,472.534561586789,473.5859457295172
3.4200000000000026,3.810785137267799,-7.673247658800541,19.295174722624225,5.690021192964128,6.200782580724411,0.0,2.8983230079273024,-7.920053168564035,3.073602989104617,-0.27985240319962673,0.10426858088736014,0.0,448.3417054851227,448.5654109472155,449.17735084508223,448.15291938271884
3.4800000000000026,3.986057654452548,-8.16024294935415,19.477579491869612,5.673318088806715,6.206663967899143,0.0,2.9433185860398363,-8.313990072687211,3.004107218892619,-0.2756073332749499,0.08105245703143021,0.0,473.5473885523874,471.765081107587,473.77371472244164,474.02690975309724
3.5400000000000027,4.163846304543563,-8.670758666207448,19.65490825097721,5.656889051100157,6.211663443429551,0.0,2.98234819041425,-8.704010081755742,2.904445653917747,-0.27046558383773717,0.08751774459362632,0.0,467.9193524916837,468.42779044393365,468.386229473263,468.714480964437
3.6000000000000028,4.343760812066951,-9.204098002218334,19.824756533226783,5.641663627595349,6.216679750425843,0.0,3.014225188206116,-9.074784588745485,2.7550464260336787,-0.2324433804803437,0.07433800071964947,0.0,456.166415100835,455.11787909992233,454.2698773206643,457.2446441220512
3.660000000000003,4.525364210735467,-9.758811039550958,19.983844430964226,5.6276626007355794,6.221198509032993,0.0,3.038781212552917,-9.416525043710436,2.5461937739748137,-0.23522538518164568,0.0771929049706962,0.0,438.1836821758511,438.4255646387154,437.3252032903793,437.0380890147395
3.720000000000003,4.708520989311813,-10.335904470440491,20.132251510621337,5.6131238043268965,6.226179942349166,0.0,3.065876959021854,-9.820545981761775,2.398297734971447,-0.2627761198621676,0.09268040531931153,0.0,465.7634033998996,466.97863507135037,467.6476677337053,465.4391627996249
3.780000000000003,4.893310192222252,-10.938776153322072,20.27305219950477,5.597245463276906,6.231539176735968,0.0,3.093053693389413,-10.275596594774143,2.29192921076866,-0.26864277233826916,0.08157904671753313,0.0,489.6021935861728,488.7811091956903,488.2379825678471,487.7361404307457
3.840000000000003,5.079434876163951,-11.567055744342474,20.404431430279512,5.581598602711637,6.236165299511313,0.0,3.110596652391109,-10.667702730942544,2.084915003755561,-0.2484766060703633,0.06617729270618666,0.0,458.45959165659383,457.2382296588772,457.22575013230363,458.76336185344275
3.900000000000003,5.2665142396809985,-12.218957788076622,20.522855511484273,5.567139109891977,6.240177736293951,0.0,3.124960852543728,-11.062961448868785,1.8601095535954806,-0.22915808521551223,0.068231405463863,0.0,457.6049653085235,457.77170004583115,456.45324009311634,457.93620696605467
3.960000000000003,5.454513322926251,-12.896919943090213,20.62984246752352,5.552982738920301,6.243959533043272,0.0,3.141165236562586,-11.535939023879978,1.7028521098057245,-0.25505715549627866,0.04980235785342779,0.0,490.8823430232866,489.5148098213838,492.3047426763323,490.33335314250604
4.020000000000002,5.643307622887034,-13.601871562171358,20.725140679423912,5.537758892204364,6.247543634984385,0.0,3.151601670315597,-11.962814000937694,1.4708041498871853,-0.25120711501730075,0.07450731980368852,0.0,469.790756522143,471.70533814660286,469.4404996085465,469.67840159842495
4.080000000000001,5.8325690953034135,-14.331046336329301,20.80434094666788,5.522688700640652,6.251693837642449,0.0,3.156726468079892,-12.343638256864228,1.1667476500978862,-0.251095611327338,0.055487368245447186,0.0,448.06548832759046,446.5193721013376,449.2999741602097,449.24648131740815
4.14,6.022024056764031,-15.082240754338478,20.86379628244292,5.5089838489003995,6.254755154005119,0.0,3.1581836723867744,-12.696975697773315,0.8129337675321627,-0.20266345742075836,0.040129115558398744,0.0,434.5190205168565,433.23069628231065,431.43307952829275,435.4484576709939
4.199999999999998,6.211628157762569,-15.857517648676536,20.90435448513371,5.4966179464289855,6.257519613321588,0.0,3.161668984219559,-13.145843312700398,0.5359326458786067,-0.21403202109829944,0.05589115481353974,0.0,472.8104769526816,474.0248396354393,474.20350849776275,473.2900054051452
4.259999999999997,6.4012869119821785,-16.657172467104107,20.925073746551046,5.484004659938595,6.260617230882829,0.0,3.1600431350347353,-13.510148013652616,0.15241242056385013,-0.2035316156014134,0.04133686947433278,0.0,436.4408745745632,435.2255956539381,435.4379282541974,436.2712899790212
4.319999999999996,6.590844504261612,-17.480203258872443,20.92361561893275,5.4716329954746215,6.262735886984046,0.0,3.1583322081170766,-13.924734248904498,-0.20388631969192572,-0.21212543081673862,0.019165870423672907,0.0,455.56502080090104,453.78845544633793,456.75417409072793,456.02730321962264
4.379999999999995,6.7802661561243704,-18.328283968158114,20.900253774958973,5.459402220170778,6.263342349948527,0.0,3.1556190096089884,-14.345095910554594,-0.5778945804217457,-0.1910231953891934,-0.02242255100228207,0.0,457.72392424521485,454.4006318190848,456.2182904182616,457.86086855962446
4.439999999999993,6.969591220626888,-19.204347134899166,20.856284617538897,5.448246954082743,6.261929721621481,0.0,3.155302987187443,-14.85685223147064,-0.8917420767821722,-0.17730049369976467,-0.025886024541030464,0.0,493.40785282030726,493.151985102704,490.72927663044726,491.7171932210611
4.499999999999992,7.158838577809402,-20.108436494392855,20.790281523754793,5.437617229468451,6.260686680233366,0.0,3.153022675326757,-15.280060870581803,-1.3115198547384332,-0.17688707735920545,-0.011990048331423826,0.0,456.1484290225857,457.2573159708834,457.4155103109508,457.4191684744698
4.559999999999991,7.34790810444266,-21.036292586944917,20.696896270812374,5.4271370141602056,6.259697529860421,0.0,3.1493379216606017,-15.6495974651629,-1.8040469419956626,-0.1705748265801747,-0.027474977647466654,0.0,432.8906096538668,431.5849778232306,432.4816560891665,432.9829909588117
4.6199999999999894,7.536923009943844,-21.991440929524703,20.577621898627793,5.4164973439457444,6.257937107051843,0.0,3.151257766205056,-16.188502468004895,-2.176266665976771,-0.19634031636928434,-0.03335907381232795,0.0,497.3782438166164,496.94676720454635,498.8419027428886,496.9287191276246
4.679999999999988,7.726072039609414,-22.978823532066098,20.43503339491115,5.406256116046055,6.255387232013831,0.0,3.15383602825103,-16.724088575775376,-2.581354948431118,-0.1430760934077146,-0.07572080002815486,0.0,498.06489111587103,494.95432251548704,495.14345107910833,499.0212491635543
4.739999999999987,7.915289008807672,-23.994877291279277,20.264339352372946,5.397806437116834,6.250623332717556,0.0,3.1536760992993167,-17.14549923768946,-3.111969282821031,-0.13667786300386828,-0.08800603914123685,0.0,453.23167973277964,452.23768676946855,452.10861952759814,452.60603283212987
4.799999999999986,8.104557041964664,-25.036488543260383,20.061109224341113,5.389637831164279,6.245394270870113,0.0,3.155565897479798,-17.576115883086132,-3.666116784224882,-0.13509658900357913,-0.08549471302618086,0.0,453.1773743956785,453.3731824761121,452.71057596332867,452.82111095335216
4.859999999999984,8.294083372508046,-26.10590511101692,19.825223682005582,5.382137239678407,6.24083030985954,0.0,3.162267414926936,-18.071997292705994,-4.201216826717706,-0.11007214214180305,-0.061869308723794286,0.0,473.86894619303456,475.678139579923,474.5051806947106,476.409870800043
4.919999999999983,8.48392063735324,-27.202691447578413,19.55427220934458,5.375397145450275,6.237072207318398,0.0,3.1658320591609086,-18.48959986042174,-4.834320161498379,-0.11729022503074794,-0.06421149936471082,0.0,440.94175074400255,440.7452362968846,442.13653767126215,441.5297818261388
4.979999999999982,8.674205596854405,-28.328244998897787,19.247096595680794,5.368534956802321,6.233302408857396,0.0,3.177195625708369,-19.0299453194795,-5.410056151459754,-0.10909385600417296,-0.06020211584754889,0.0,482.8529740277389,483.152997155773,483.9434792752305,484.54984098552933
5.0399999999999805,8.865044710533663,-29.483868703780598,18.902317146621836,5.361840236649019,6.229380388780797,0.0,3.1842850691766933,-19.493038524792816,-6.087285844218738,-0.11707421848225182,-0.0784724411421005,0.0,451.76122353868703,450.281539731699,450.9453016186679,450.2889251967942
